101,København,725767.480 ,6175497.075 ,1282,1129,1127 ,855,651,776,240,241,261,332,289,349,471,508,462
147,Frederiksberg,721567.380 ,6176349.370 ,130,131,113 ,154,78,162,22,18,18,16,10,10,26,41,38
155,Dragør,728111.430 ,6165450.995 ,5,4,4 ,27,26,24,1,1,0,0,0,4,7,2,3
185,Tårnby,730557.760 ,6170160.520 ,125,98,95 ,50,52,57,4,2,10,36,25,21,18,28,18
165,Albertslund,710791.640 ,6175069.230 ,20,20,38 ,93,69,84,1,6,1,11,11,16,24,26,26
151,Ballerup,710017.175 ,6181137.720 ,43,47,31 ,83,66,126,5,5,6,16,14,17,26,24,25
153,Brøndby,714634.395 ,6171287.125 ,34,29,17 ,74,100,76,5,1,3,11,7,8,29,36,30
157,Gentofte,722785.355 ,6184155.460 ,32,31,30 ,236,144,262,6,13,11,8,4,4,34,27,28
159,Gladsaxe,717730.385 ,6183290.190 ,28,31,36 ,120,116,140,14,1,11,9,18,13,47,32,30
161,Glostrup,713765.080 ,6176147.335 ,52,41,35 ,59,47,50,3,4,3,10,12,2,22,20,17
163,Herlev,715092.200 ,6181720.890 ,38,22,37 ,61,49,59,7,8,8,12,5,6,22,15,13
167,Hvidovre,718157.985 ,6170615.040 ,47,48,51 ,144,98,119,19,6,8,15,18,18,22,35,26
169,Høje-Taastrup,704371.995 ,6172588.930 ,24,35,26 ,118,114,138,6,5,11,8,13,10,32,34,35
183,Ishøj,708156.580 ,6168423.015 ,54,54,39 ,57,35,44,8,8,5,7,4,5,18,23,32
173,Lyngby-Taarbæk,719782.350 ,6187760.965 ,102,81,85 ,129,123,118,9,4,4,5,6,8,31,25,28
175,Rødovre,716998.565 ,6176969.730 ,59,55,62 ,100,97,79,9,3,4,12,9,14,15,27,15
187,Vallensbæk,712350.775 ,6170407.495 ,8,10,9 ,92,52,37,2,5,4,4,4,1,10,10,7
201,Allerød,707633.710 ,6195101.135 ,9,21,28 ,55,33,35,4,0,1,1,1,2,14,12,17
240,Egedal,702493.615 ,6184296.325 ,17,7,9 ,114,86,116,2,4,2,3,1,4,9,12,10
210,Fredensborg,715151.295 ,6205791.810 ,19,11,10 ,95,95,116,7,6,2,6,2,5,23,18,21
250,Frederikssund,690434.035 ,6190712.210 ,35,35,34 ,107,58,85,3,5,0,6,6,1,28,25,22
190,Furesø,711115.050 ,6189236.510 ,9,17,16 ,126,48,59,9,2,0,5,2,2,25,17,19
270,Gribskov,700000.405 ,6216288.110 ,6,10,8 ,120,82,97,6,2,0,7,5,9,16,14,14
260,Halsnæs,681161.825 ,6214216.045 ,31,33,51 ,92,34,71,4,1,3,6,7,7,29,22,22
217,Helsingør,718472.440 ,6215547.405 ,62,51,88 ,165,144,146,5,10,11,10,12,26,59,71,62
219,Hillerød,702264.235 ,6202543.125 ,45,78,71 ,107,56,77,3,2,5,15,14,12,40,37,36
223,Hørsholm,717687.105 ,6198684.545 ,7,11,5 ,79,61,41,2,0,1,2,0,2,8,7,8
230,Rudersdal,718450.800 ,6193258.260 ,16,20,19 ,163,124,200,5,5,7,4,5,3,21,17,20
400,Bornholm,877524.575 ,6126800.950 ,20,11,19 ,4,8,6,0,1,1,2,2,6,33,32,24
253,Greve,704837.950 ,6165032.565 ,63,74,61 ,234,87,155,8,7,5,27,17,14,40,25,29
259,Køge,694147.545 ,6149224.440 ,47,40,34 ,231,119,190,5,4,2,27,17,13,31,33,46
350,Lejre,684269.650 ,6169488.730 ,16,13,7 ,63,42,69,1,0,1,12,4,1,7,12,5
265,Roskilde,695817.825 ,6171194.545 ,105,84,83 ,155,181,198,6,7,12,23,20,33,48,39,37
269,Solrød,700256.735 ,6159283.965 ,5,2,6 ,108,27,40,0,1,0,4,2,4,11,10,7
320,Faxe,694263.005 ,6128944.080 ,5,6,5 ,157,85,124,4,3,4,2,3,18,19,11,13
376,Guldborgsund,683118.195 ,6072559.815 ,36,39,32 ,94,71,52,9,6,6,17,19,28,52,44,82
316,Holbæk,664099.445 ,6171569.595 ,40,46,50 ,235,104,123,10,4,4,27,23,16,54,50,43
326,Kalundborg,636220.310 ,6173666.610 ,28,23,12 ,139,87,61,1,4,2,18,6,9,31,47,27
360,Lolland,645766.075 ,6077147.710 ,36,21,23 ,85,65,54,5,2,4,11,13,21,53,33,40
370,Næstved,674333.000 ,6127500.275 ,68,50,43 ,155,154,82,8,6,10,33,17,21,43,35,41
306,Odsherred,658132.440 ,6194289.485 ,13,17,14 ,64,33,56,0,1,2,9,4,11,21,32,26
329,Ringsted,677630.805 ,6149427.065 ,13,25,21 ,113,35,49,5,3,2,22,11,5,23,31,19
330,Slagelse,646434.590 ,6133355.065 ,94,79,45 ,257,79,87,14,11,7,36,12,32,64,64,61
340,Sorø,658880.640 ,6150833.595 ,12,8,3 ,82,28,58,1,2,2,9,1,7,6,12,12
336,Stevns,708131.835 ,6136590.645 ,2,3,2 ,24,26,26,0,0,2,4,1,3,15,12,8
390,Vordingborg,697219.010 ,6100945.230 ,23,19,23 ,108,76,81,3,4,2,11,8,8,25,22,32
420,Assens,566127.375 ,6126095.720 ,11,6,13 ,73,57,64,6,0,2,3,2,12,29,14,34
430,Faaborg-Midtfyn,586625.795 ,6115061.915 ,22,12,21 ,94,102,79,1,2,2,8,12,4,33,39,31
440,Kerteminde,603641.855 ,6148437.960 ,6,6,4 ,20,29,51,0,3,2,5,6,1,16,22,9
482,Langeland,611485.920 ,6089925.830 ,3,5,10 ,10,15,9,0,1,0,0,5,2,8,9,13
410,Middelfart,555844.225 ,6144858.010 ,17,17,21 ,67,49,68,2,1,6,6,6,10,27,25,34
480,Nordfyns,580228.620 ,6153966.470 ,6,12,6 ,62,50,39,4,0,0,5,4,1,22,22,14
450,Nyborg,607606.200 ,6129368.490 ,11,8,10 ,45,66,49,4,5,0,15,8,10,39,37,26
461,Odense,587268.350 ,6138456.575 ,327,324,279 ,445,296,418,32,30,35,63,62,92,194,240,242
479,Svendborg,603383.580 ,6105248.445 ,33,33,42 ,110,67,76,5,1,9,9,14,9,51,47,39
492,Ærø,587902.055 ,6083780.295 ,4,0,2 ,0,2,1,0,0,0,1,0,0,6,2,4
530,Billund,498329.690 ,6177665.115 ,9,20,13 ,73,62,69,1,0,2,16,23,23,17,8,9
561,Esbjerg,475755.790 ,6139340.290 ,107,121,88 ,284,163,176,10,11,13,47,53,31,135,129,149
563,Fanø,463277.620 ,6139892.330 ,1,0,0 ,0,0,0,0,0,1,0,0,3,2,0,5
607,Fredericia,544699.605 ,6158339.375 ,46,47,37 ,104,70,96,8,3,6,27,16,16,49,46,48
510,Haderslev,521093.005 ,6123129.330 ,27,29,31 ,83,75,87,6,3,2,21,15,15,35,61,33
621,Kolding,528714.845 ,6147108.795 ,115,72,70 ,159,145,183,6,5,7,17,18,7,56,73,71
540,Sønderborg,549197.710 ,6090565.620 ,42,45,46 ,168,108,84,6,0,1,28,14,18,47,47,45
550,Tønder,490721.835 ,6101832.430 ,7,18,13 ,101,39,52,3,2,1,3,4,9,37,19,35
573,Varde,468093.550 ,6167946.710 ,20,12,24 ,86,63,91,1,3,2,9,10,7,26,23,37
575,Vejen,502084.045 ,6145841.205 ,19,11,17 ,69,58,81,2,1,0,12,10,9,39,37,25
630,Vejle,525266.685 ,6179608.635 ,116,88,64 ,352,216,202,11,13,14,27,24,19,85,85,87
580,Aabenraa,520358.605 ,6093072.765 ,35,36,35 ,141,99,80,4,5,2,29,30,26,60,60,64
710,Favrskov,558779.275 ,6241922.995 ,11,3,5 ,144,64,114,4,1,0,5,4,7,22,9,27
766,Hedensted,546543.660 ,6183706.640 ,10,2,16 ,141,97,92,1,0,0,4,0,1,19,17,13
615,Horsens,556123.995 ,6196015.030 ,73,84,98 ,152,100,90,5,15,7,38,28,26,85,76,51
707,Norddjurs,619522.285 ,6266024.815 ,24,24,12 ,71,57,46,4,1,5,7,13,5,35,25,31
727,Odder,577321.330 ,6199124.420 ,7,8,6 ,42,22,42,2,0,1,3,1,0,9,5,10
730,Randers,565710.625 ,6266854.990 ,70,114,88 ,217,116,154,4,3,5,25,29,29,81,94,103
741,Samsø,603458.990 ,6194162.215 ,0,0,1 ,1,1,4,0,0,0,0,1,0,0,2,4
740,Silkeborg,533616.460 ,6226401.050 ,64,56,53 ,179,96,160,7,1,3,20,20,29,57,59,55
746,Skanderborg,553711.175 ,6215925.710 ,18,12,18 ,112,52,108,3,3,3,13,8,4,18,14,16
706,Syddjurs,592996.940 ,6237346.525 ,15,13,9 ,77,85,72,1,0,1,12,7,7,24,18,33
751,Aarhus,572473.015 ,6224816.775 ,401,398,425 ,729,416,722,57,47,61,71,70,62,293,310,315
657,Herning,488299.215 ,6222420.975 ,29,48,60 ,171,101,102,2,5,4,11,24,24,48,47,52
661,Holstebro,472694.265 ,6250333.690 ,66,45,31 ,86,57,87,2,6,1,19,15,12,53,57,44
756,Ikast-Brande,516158.545 ,6212032.125 ,18,22,12 ,85,78,145,1,0,1,3,18,16,17,36,20
665,Lemvig,458102.965 ,6265166.895 ,2,1,3 ,21,12,21,1,0,1,1,0,7,10,19,12
760,Ringkøbing-Skjern,467622.845 ,6208347.815 ,17,16,28 ,69,82,75,2,0,0,5,12,18,18,33,25
779,Skive,499043.725 ,6280430.255 ,26,13,34 ,54,38,48,1,3,2,6,17,12,28,26,24
671,Struer,472404.790 ,6266269.115 ,6,9,4 ,34,24,24,2,0,1,7,5,2,20,13,12
791,Viborg,523600.035 ,6256328.980 ,63,49,51 ,144,98,113,4,2,8,20,17,31,38,59,37
810,Brønderslev,565902.060 ,6340955.035 ,8,11,16 ,57,35,40,2,2,0,2,2,10,12,39,23
813,Frederikshavn,584732.285 ,6369655.275 ,42,27,29 ,78,43,53,6,3,5,14,14,22,39,37,35
860,Hjørring,563169.480 ,6369365.185 ,60,55,25 ,58,53,53,3,2,4,20,19,15,67,59,43
849,Jammerbugt,528711.040 ,6337725.455 ,6,11,8 ,46,39,31,1,1,0,7,5,18,18,27,25
825,Læsø,622088.495 ,6348577.160 ,0,0,2 ,0,0,0,0,0,0,0,1,0,1,1,1
846,Mariagerfjord,556989.290 ,6285106.600 ,25,22,10 ,65,37,48,4,0,3,7,4,17,25,27,21
773,Morsø,485090.060 ,6298118.510 ,6,10,13 ,21,13,11,1,0,0,2,4,5,14,15,13
840,Rebild,553359.440 ,6296610.430 ,5,2,2 ,26,29,47,3,0,1,1,7,6,8,11,8
787,Thisted,479027.065 ,6307949.585 ,17,21,27 ,51,41,53,1,2,1,10,4,15,32,31,25
820,Vesthimmerlands,524913.335 ,6298943.910 ,18,12,6 ,44,20,103,0,3,3,8,4,16,41,25,28
851,Aalborg,553943.185 ,6320206.005 ,226,206,175 ,483,245,305,20,8,25,51,63,95,162,149,148
